1.00000000000000 0.99271708415340 0.92352819958628 0.99438454897884 0.78983497450461 0.92210515510043 0.95046433944466 0.99470690408571 0.99968683648540 0.94369182366115 0.98823170096455 0.99789578461371 0.99984376230820 0.99988349618987 0.88092976156248 0.87749555551259 0.90935315666248 0.93402711207662 0.91645841697987 0.99516413152492 0.93246270868546 0.99238245496205 0.97610495438390 0.88618543398744 0.94539506891820 0.99972972651386 0.97194282716492 0.94592470283965 0.99620486903211 0.99799436960666 0.97241291569808 0.99457782021819 0.99550408043446 0.97292393128217 0.99988514312659 0.97229776357774 0.97949319870253 0.86687836056115 0.79309357281229 0.90491997863908 0.59038374131930 0.99604052869703 0.97363493464264 0.99978132282800 0.99664792294357 0.71796307205931 0.95608211189513 0.99141032629953 0.97477956178445 0.99924526191642 0.96504109225807 0.96169836702981 0.99091643446426 0.97049263607344 0.99226820639026 0.99968011924371 0.99968555578301 0.99884775813653 0.99851139234892 0.99056421389086 0.99351567497632 0.99893016045716 0.99122836645108 0.99827683623783 0.98797155089635 0.97373434831527 0.99958561165462 0.97990229819806 0.79046082001178 0.97457454861380
0.99271708415340 1.00000000000000 0.91593723974034 0.98698997325031 0.78268236174899 0.91490057955764 0.94747371151256 0.98812402785577 0.99268125282512 0.93473722776120 0.98542633549455 0.99048416818258 0.99288322976200 0.99296970292663 0.87655538721583 0.87077356737286 0.90722461284689 0.92339554908260 0.91496913498928 0.99006137482980 0.92808437162908 0.98791595068578 0.97492030438331 0.87884394427027 0.94270406524410 0.99267223037637 0.96775205412105 0.93723340705300 0.98927467687039 0.99068953105961 0.96742358406373 0.98763250405268 0.98868544793686 0.96451886629547 0.99296214643366 0.96415905833406 0.97064373050484 0.86288916074334 0.78302436171438 0.90626495366667 0.58296775262395 0.98893618356985 0.96321479781360 0.99266904448218 0.98939886985936 0.71843795459103 0.94616539227232 0.98731204315878 0.96625426231880 0.99208718807174 0.95559960326406 0.95737482916946 0.98524548020173 0.96373993781498 0.98407682490723 0.99260869820807 0.99266778465995 0.99197386499601 0.99151663350705 0.98284360569883 0.98848920316249 0.99184210244276 0.98343312330588 0.99237314808974 0.98123045300726 0.96852281775484 0.99335353189606 0.97147381472672 0.78443373208527 0.97157464369403
0.92352819958628 0.91593723974034 1.00000000000000 0.92068780035970 0.74250835976547 0.84568291383588 0.86470524748699 0.92093546854733 0.92221878765778 0.89002005634855 0.92145870078221 0.92388770190735 0.92211776271355 0.92256280954781 0.82444504424872 0.83044335643063 0.85541751748881 0.85224870139032 0.83049522626914 0.91536453935915 0.86875396279727 0.91262156197007 0.91253827509219 0.83217087387700 0.86382225717757 0.92179782871179 0.88939846732215 0.86793116384817 0.91789030937230 0.91928252060337 0.89673773311766 0.91404032248881 0.91720159469719 0.89754976212682 0.92255140862706 0.90167244367346 0.90300001164945 0.82896522138864 0.73603194407989 0.84368815033305 0.54691019194840 0.91758735614544 0.90091660640999 0.92296225054194 0.91792417260835 0.69538298361153 0.88321807639264 0.91597537026091 0.92049687537292 0.92026323386450 0.89392287912332 0.87934753121998 0.91029158249040 0.89427645529125 0.91850266019955 0.92191935846781 0.92180115324839 0.92139803073490 0.92102579695265 0.91059610554852 0.92801486336694 0.92205269801178 0.91096034925781 0.92284810060615 0.90496369535846 0.89890732420838 0.92187892818758 0.90878228392515 0.75216633737382 0.90313032934994
0.99438454897884 0.98698997325031 0.92068780035970 1.00000000000000 0.78063887131208 0.91319503137446 0.94529689208128 0.98949118536419 0.99476185076152 0.93985488029509 0.98098466275615 0.99236459260666 0.99443423069596 0.99450836705282 0.87197768594573 0.86863409665419 0.90611544176917 0.92611677948424 0.90606068686165 0.98939714134608 0.93300327065569 0.98673788058062 0.96926560232068 0.87924318640134 0.93440607719775 0.99465357033801 0.96933768536577 0.93956208491308 0.99020803735656 0.99217087952012 0.96550475652345 0.98926323495084 0.99067028373305 0.96656289639898 0.99450876947662 0.96526886483053 0.97289373564540 0.85844038482445 0.78357179948885 0.90591558155861 0.59379189782839 0.98992498569282 0.96883764639841 0.99428675305426 0.99079016839533 0.71479205188365 0.95046871681299 0.98645405040743 0.96618544956303 0.99371401201490 0.95611645255850 0.96104681485837 0.98668954091162 0.96601798591091 0.98613089634823 0.99451142370180 0.99421053039987 0.99433813632778 0.99306420612880 0.98555637892101 0.98621997053166 0.99430189001198 0.98579083448162 0.99251599436072 0.98190907526432 0.97701428495181 0.99406641482722 0.97296484479659 0.79963872049316 0.97194786933920
0.78983497450461 0.78268236174899 0.74250835976547 0.78063887131208 1.00000000000000 0.73734587362049 0.73062095138824 0.78637092364022 0.78858342210020 0.76152464123841 0.78599462742591 0.78849782267039 0.79002419489162 0.78962925853631 0.71912128453873 0.74018144332450 0.78375278760123 0.74205338330774 0.72775652436051 0.78897502555420 0.75523601129476 0.79163475436879 0.76421696397177 0.75560680972848 0.75181502392463 0.78949289574229 0.74937247215706 0.75911280057460 0.78185456153301 0.78788140525392 0.75527470736554 0.79087371356990 0.78858733653534 0.76971434613333 0.78957965481421 0.76605768018965 0.77303801743026 0.74508368715259 0.70184863580197 0.75597668579927 0.52470645827123 0.78709751367135 0.79431158144348 0.78942482869589 0.78646864680535 0.65348822007086 0.77601857040761 0.77322628682912 0.77014932538559 0.78851624351742 0.77127379404651 0.77959117497896 0.78983662292076 0.77665847014307 0.77744100927280 0.79073466949534 0.78900514391775 0.79339673159279 0.78651883767567 0.78000641062553 0.78788912760707 0.79096838804032 0.77716293365141 0.78777948822422 0.78824707182493 0.78355381129358 0.79037274933039 0.77781806330652 0.66576129457280 0.78139003266849
0.92210515510043 0.91490057955764 0.84568291383588 0.91319503137446 0.73734587362049 1.00000000000000 0.90776428261043 0.91620684919949 0.92238215729964 0.90474790650457 0.91484664435911 0.91949887132566 0.92298202586581 0.92193146311271 0.82636542841978 0.81550989715899 0.85167072001114 0.86849689874686 0.84885708574241 0.92017639470827 0.86087181661133 0.91035281860135 0.89730966344015 0.84567106489734 0.86546712378715 0.92125538068916 0.90223933658437 0.85733203078429 0.91746946076816 0.92074537927880 0.91551857152687 0.92086323260428 0.92331594179710 0.90242135267087 0.92200963593377 0.89846458557546 0.90552156421590 0.80669910467403 0.75507392421361 0.82889440765104 0.59784961754687 0.92031513676632 0.89998767376019 0.92194521588880 0.92455888683538 0.69456478090933 0.88372289110577 0.91116985735633 0.90121382728557 0.92069386820131 0.88642480312840 0.89666975617482 0.91575101897059 0.90473265143543 0.91099352191009 0.92249760741568 0.92194952593606 0.92046472052917 0.91968695260675 0.91687177932997 0.91337144275995 0.92323384107445 0.92632933817085 0.92081377334708 0.91242365655529 0.90134687218225 0.92246197084765 0.91496756608921 0.76497846780797 0.90054288543323
0.95046433944466 0.94747371151256 0.86470524748699 0.94529689208128 0.73062095138824 0.90776428261043 1.00000000000000 0.94571935275444 0.95054735211721 0.89952401849936 0.93503931956312 0.94704902795514 0.95074914140307 0.95063958129387 0.84522246089972 0.83774752983840 0.90141025807125 0.88030805901521 0.87947912708669 0.94997036907014 0.86988435951378 0.94461197122369 0.93859452756321 0.84476642300038 0.90896322562657 0.95063424874675 0.92244870596949 0.89191618205239 0.94679324006091 0.94770252360645 0.93612294351779 0.94529253224603 0.94719406760897 0.92675532509079 0.95059773623914 0.93633307897791 0.92884578776006 0.81824788986377 0.74895509265660 0.89291325148030 0.58173455897471 0.94484815014848 0.92972597638551 0.95003387392843 0.95092971747007 0.67612070306472 0.90705394515211 0.94344456036374 0.92150212600198 0.95115024882899 0.91944647408482 0.92230467757768 0.94469081747720 0.91762286625266 0.94809763178070 0.95152657100278 0.95078030212531 0.94819682436380 0.95144131887680 0.94309625444647 0.94181358295567 0.95040443093357 0.95237299409231 0.95057425670595 0.93789151479752 0.93517370589689 0.94978533432515 0.93892139032103 0.77738110924971 0.93073714773899
0.99470690408571 0.98812402785577 0.92093546854733 0.98949118536419 0.78637092364022 0.91620684919949 0.94571935275444 1.00000000000000 0.99460043924890 0.93489633735984 0.98456386901827 0.99247220541780 0.99484176133872 0.99490322130044 0.87747620616680 0.86922960743354 0.90853537727669 0.92585450996289 0.90616768627192 0.98947683069772 0.92818739604567 0.98741561108258 0.96908461587725 0.88586086401793 0.93896441440451 0.99488401617299 0.96894280365480 0.94835787467556 0.99054051422997 0.99286343434711 0.96611118768964 0.98937299344571 0.98952391301239 0.97114315353544 0.99492342767230 0.96988285179928 0.97319643091663 0.87343918493824 0.78776188653478 0.90061267291415 0.59570917361717 0.99035225397851 0.96774449070636 0.99481498505379 0.99106198050198 0.71435432371688 0.95007424582842 0.98533879873567 0.97051117813322 0.99537140743612 0.95956676988239 0.95628199451179 0.98509703802507 0.96483975439581 0.98652327757336 0.99494043337785 0.99461595199005 0.99385176700633 0.99336044199757 0.98472899148469 0.99042478875814 0.99430446572413 0.98745722511837 0.99269362176083 0.98364083591077 0.97130557626620 0.99459296335668 0.97634459101904 0.79600803458717 0.96815556439275
0.99968683648540 0.99268125282512 0.92221878765778 0.99476185076152 0.78858342210020 0.92238215729964 0.95054735211721 0.99460043924890 1.00000000000000 0.94203275338241 0.98771906116302 0.99796697670796 0.99980820971690 0.99980571763000 0.88211071644577 0.87813980749823 0.90853400359059 0.93278974786932 0.91578863107851 0.99525687133044 0.93262539008523 0.99212424922220 0.97528209274383 0.88525941987405 0.94450824520907 0.99979190077114 0.97174099158037 0.94537186268564 0.99613654587488 0.99789043068135 0.97178653786444 0.99477635922097 0.99560226414060 0.97263009788926 0.99981288909704 0.97201129609745 0.97978567159639 0.86814444863255 0.79356095769501 0.90639924842192 0.59167525332967 0.99571673939528 0.97298251159806 0.99969191470340 0.99665454686197 0.71972753555444 0.95581502234669 0.99123101504863 0.97299862756748 0.99921074240988 0.96448333848835 0.96160626416216 0.99067429115252 0.97081751157869 0.99195984784895 0.99968460367838 0.99961070975139 0.99881372036335 0.99849454026352 0.99103592063854 0.99274045754442 0.99892151109137 0.99115159162358 0.99811720550585 0.98822350615478 0.97418176168129 0.99964929297186 0.97941150313967 0.79045362978220 0.97419835766558
0.94369182366115 0.93473722776120 0.89002005634855 0.93985488029509 0.76152464123841 0.90474790650457 0.89952401849936 0.93489633735984 0.94203275338241 1.00000000000000 0.93311397222963 0.93895721189022 0.94271257284642 0.94307234869118 0.81640807373083 0.84553300378573 0.86180412165295 0.88642547967772 0.86136430013989 0.93545554688473 0.87453806967001 0.93006727398431 0.92056178933905 0.85586397692326 0.87588960894762 0.94205291133811 0.92855943885495 0.87567857390845 0.93735710051931 0.94366585008808 0.92455415301856 0.93891851782234 0.94208827990725 0.91195478205931 0.94279827363927 0.90880761251361 0.91894618762152 0.81682238853376 0.77129640633176 0.86802313236474 0.58871030919427 0.94242985667786 0.91650295741441 0.94273829063287 0.94552707087973 0.71185144866771 0.91607338659515 0.93726228102719 0.92548223161824 0.94078944545717 0.91236780212842 0.91021634402531 0.93532532088285 0.91561868276044 0.93137679750006 0.94229062202397 0.94259414961003 0.94364775580360 0.94190892916324 0.93222440528085 0.93421409622888 0.94468641316883 0.93894330036612 0.94234602385191 0.93457493161569 0.91246676909180 0.94195881132323 0.92158712655635 0.76357933219338 0.91794334765603
0.98823170096455 0.98542633549455 0.92145870078221 0.98098466275615 0.78599462742591 0.91484664435911 0.93503931956312 0.98456386901827 0.98771906116302 0.93311397222963 1.00000000000000 0.98552930202419 0.98808730757386 0.98808998902641 0.87132837811262 0.87047386610647 0.89638357836467 0.92480510621667 0.91102739696545 0.98277302419757 0.91681533102764 0.97887851387076 0.96707695186402 0.86495238516520 0.93076125571774 0.98797296312038 0.96121122383917 0.93317077951478 0.98362983013047 0.98538623546364 0.96102268227129 0.98174666873762 0.98223682041948 0.96200378278992 0.98811141386124 0.96212093905483 0.96675988932254 0.86807416405966 0.79251913311787 0.89562961645596 0.58271183194630 0.98546769224615 0.96474887988236 0.98847037175461 0.98417150775511 0.72024989870660 0.94510488500300 0.97844683029581 0.97035496707195 0.98718456238522 0.95400785776877 0.94381873955875 0.98254244134533 0.95658400355919 0.97980196165808 0.98767380276695 0.98769661373053 0.98683082933003 0.98624774480634 0.97858631177453 0.98894489993263 0.98663457771737 0.98038367219682 0.99142550679898 0.97634740507496 0.95982962911728 0.98818634297352 0.96530474651573 0.78287056976116 0.96510762411212
0.99789578461371 0.99048416818258 0.92388770190735 0.99236459260666 0.78849782267039 0.91949887132566 0.94704902795514 0.99247220541780 0.99796697670796 0.93895721189022 0.98552930202419 1.00000000000000 0.99801507925998 0.99800438015103 0.87751114320316 0.87779582349991 0.90716248169396 0.93032103049089 0.91144239211539 0.99308981372326 0.93372015430407 0.99029462469387 0.97219490544873 0.88490434152771 0.94291036176464 0.99792855499331 0.97142440720707 0.94641927496711 0.99406334597168 0.99607808660284 0.96896526121693 0.99313461930744 0.99338328319212 0.96985831753663 0.99801311325318 0.96984655979828 0.97688651196702 0.86523586636225 0.78971864170646 0.90360319644999 0.59386779028468 0.99394326462121 0.97130385732481 0.99820405051592 0.99459887031910 0.71902805867114 0.95619939360387 0.99188971269943 0.97385429657471 0.99731664420582 0.96254880376885 0.95909127308853 0.98828867384214 0.97122548421258 0.98984800244367 0.99780716966732 0.99780837716470 0.99717763473581 0.99653392958482 0.98912374219392 0.99081543600800 0.99686342671048 0.98867986036220 0.99609393471318 0.98598382187162 0.97139872323068 0.99774479126222 0.98039146772638 0.78807366723662 0.97351558573498
0.99984376230820 0.99288322976200 0.92211776271355 0.99443423069596 0.79002419489162 0.92298202586581 0.95074914140307 0.99484176133872 0.99980820971690 0.94271257284642 0.98808730757386 0.99801507925998 1.00000000000000 0.99995802870677 0.88225927523772 0.87822844209654 0.90978160298255 0.93388122082675 0.91576632459626 0.99543331974501 0.93264873958268 0.99241902624603 0.97580369924917 0.88654464274335 0.94528747760688 0.99980335010654 0.97240272720712 0.94607888521921 0.99635322669255 0.99802572545937 0.97215088845458 0.99473304239857 0.99560586583197 0.97265888029044 0.99996263711341 0.97257576031399 0.98003440913665 0.86689880516765 0.79346673135200 0.90541742295805 0.59083632233138 0.99594386453570 0.97330004776620 0.99984860220694 0.99678080568018 0.71860229514370 0.95626186445146 0.99145094221407 0.97351121122527 0.99937359423474 0.96503359712398 0.96229863088662 0.99087524071287 0.97144283849662 0.99208766594897 0.99982474884160 0.99977128112240 0.99901250783615 0.99860238600688 0.99078083140831 0.99301476888076 0.99902365639815 0.99102887346621 0.99822334295150 0.98850473780085 0.97437249275699 0.99974157935766 0.98001094749152 0.79103466120604 0.97500596878084
0.99988349618987 0.99296970292663 0.92256280954781 0.99450836705282 0.78962925853631 0.92193146311271 0.95063958129387 0.99490322130044 0.99980571763000 0.94307234869118 0.98808998902641 0.99800438015103 0.99995802870677 1.00000000000000 0.88158505635145 0.87848420681252 0.90956605062203 0.93353864628052 0.91525647221595 0.99541004721496 0.93232239780340 0.99246227590131 0.97591650152275 0.88645485446409 0.94475167052639 0.99984739425202 0.97239214035411 0.94604882771785 0.99639681045189 0.99809150592231 0.97232201170871 0.99482404082545 0.99566256507223 0.97269594693352 0.99999683903541 0.97253189799327 0.97966682494417 0.86739850300224 0.79298009452019 0.90557402486426 0.59035673315446 0.99602242374974 0.97342180153197 0.99987511342546 0.99684816774309 0.71792882402913 0.95640242134739 0.99151735705163 0.97362881510277 0.99938511349452 0.96503878539735 0.96205336272091 0.99093902105937 0.97085189626159 0.99221196477549 0.99981566969966 0.99981184505931 0.99901431227984 0.99864580134146 0.99075998762779 0.99311573053112 0.99904245319504 0.99115994631550 0.99827616849009 0.98823497863201 0.97387597870449 0.99970802242624 0.97993628105160 0.79030626271260 0.97472769689388
0.88092976156248 0.87655538721583 0.82444504424872 0.87197768594573 0.71912128453873 0.82636542841978 0.84522246089972 0.87747620616680 0.88211071644577 0.81640807373083 0.87132837811262 0.87751114320316 0.88225927523772 0.88158505635145 1.00000000000000 0.77205182602170 0.81587984151127 0.82610895568271 0.81429838067316 0.87856316855388 0.81624095135804 0.87849101481193 0.86473971357813 0.80469626074500 0.83822110351213 0.88207536023899 0.83847271860850 0.84006931347633 0.88399246334804 0.87809465492849 0.87157342778493 0.87817899497198 0.87292293699339 0.86437388629347 0.88162121731107 0.88776188630039 0.87500699257683 0.79455891611139 0.70725319427832 0.81617362397727 0.52876558601536 0.87545719366508 0.85256669138227 0.88084943986522 0.88065053407303 0.67040499123967 0.86659955625405 0.87270271555866 0.85324232715159 0.88188919744902 0.84808810955034 0.86312812833116 0.87324739026187 0.86710945068493 0.87007349255746 0.88296246572477 0.88067210282198 0.87926100149205 0.87906262646773 0.86782708337508 0.87268845646017 0.88148633274765 0.87718250874215 0.88101918323293 0.88318917182909 0.87294133843625 0.88272116618368 0.87687924450718 0.70646116260685 0.87004255082981
0.87749555551259 0.87077356737286 0.83044335643063 0.86863409665419 0.74018144332450 0.81550989715899 0.83774752983840 0.86922960743354 0.87813980749823 0.84553300378573 0.87047386610647 0.87779582349991 0.87822844209654 0.87848420681252 0.77205182602170 1.00000000000000 0.81774781712036 0.84919363057262 0.81715721257283 0.87748952520855 0.80083319524348 0.87034003918947 0.86847623525602 0.79782900105124 0.83257053331639 0.87941775723607 0.85842265276117 0.82874739771959 0.87678177837014 0.88076888864677 0.86437230667657 0.88332609048483 0.88216459851130 0.85332262393027 0.87843131163032 0.85551833813076 0.85174023938186 0.81496465149378 0.72277704027889 0.82294116796203 0.55958790170745 0.87184503879990 0.86360695703471 0.87859359032989 0.87411081612264 0.70285790523295 0.86246196661229 0.86946987994272 0.84025819085031 0.87700106590412 0.86336244249344 0.83630413357658 0.88163161189638 0.84086424348222 0.87052308254408 0.87841595090857 0.87797796995646 0.87948773606736 0.87695380398697 0.88156627137284 0.87377814343208 0.87894347489346 0.86959908016603 0.87836788189828 0.87272469315632 0.85463986438529 0.87721904115430 0.87351505880136 0.70573256317590 0.86584422375586
0.90935315666248 0.90722461284689 0.85541751748881 0.90611544176917 0.78375278760123 0.85167072001114 0.90141025807125 0.90853537727669 0.90853400359059 0.86180412165295 0.89638357836467 0.90716248169396 0.90978160298255 0.90956605062203 0.81587984151127 0.81774781712036 1.00000000000000 0.82565201555978 0.82081958991606 0.90684700394997 0.85353072801291 0.90727983401355 0.89867994723326 0.85096830873586 0.86265499636162 0.90868782574276 0.87591627149107 0.87603144709259 0.90915068039701 0.90896760391812 0.88894091211847 0.90540373972255 0.90637833968416 0.87785504065731 0.90958974614592 0.89776255547175 0.88144564628076 0.81152992408119 0.74367953634161 0.86487184082055 0.55632306941442 0.90549280870130 0.89214984882347 0.90920788685711 0.90512298417739 0.68127270884530 0.87877562080605 0.90364498130589 0.88858288321446 0.90949253824169 0.88686809149281 0.89664597447004 0.89924974779373 0.88420206357972 0.90222284961895 0.91044225859417 0.90925497438986 0.91018592136886 0.90979554006423 0.90682291111960 0.90112804476946 0.91104669906011 0.89981240886749 0.90831819986927 0.90948233289537 0.90955645464983 0.90947338152218 0.89851688038785 0.75151953524840 0.89267157311617
0.93402711207662 0.92339554908260 0.85224870139032 0.92611677948424 0.74205338330774 0.86849689874686 0.88030805901521 0.92585450996289 0.93278974786932 0.88642547967772 0.92480510621667 0.93032103049089 0.93388122082675 0.93353864628052 0.82610895568271 0.84919363057262 0.82565201555978 1.00000000000000 0.87138936777499 0.92834120981616 0.86836871915518 0.93037505581017 0.93108415151118 0.83082418944113 0.91499011509161 0.93364093311181 0.91808761241814 0.88283949707404 0.92886891507107 0.93187098194397 0.90657945345799 0.93124168872158 0.92825625208217 0.91361482546968 0.93355622550568 0.90579512888198 0.91572436904207 0.80113484411287 0.75273310757081 0.83060161509838 0.57954334555373 0.93245814683338 0.92142688691195 0.93315284103940 0.93281050161533 0.68816596243182 0.89833717852485 0.93038508876665 0.90301392930313 0.93296438137962 0.90127935024664 0.88997546196727 0.93284038377133 0.92694676507474 0.92837317332426 0.93268475235666 0.93302886201843 0.93061031420495 0.93234629964966 0.92098925599727 0.92984214570365 0.93138590839325 0.92715677163306 0.93244270425465 0.92868183833021 0.90512079249009 0.93283591158534 0.91034995941467 0.74159342937297 0.91175488106994
0.91645841697987 0.91496913498928 0.83049522626914 0.90606068686165 0.72775652436051 0.84885708574241 0.87947912708669 0.90616768627192 0.91578863107851 0.86136430013989 0.91102739696545 0.91144239211539 0.91576632459626 0.91525647221595 0.81429838067316 0.81715721257283 0.82081958991606 0.87138936777499 1.00000000000000 0.91114385362194 0.85680535915760 0.90365668087657 0.89541254545400 0.78792245443906 0.87998173671829 0.91527321547717 0.88729970233603 0.86805156726818 0.91002386855498 0.91237251019748 0.89661336732275 0.91042499670500 0.91065232869648 0.90598819560520 0.91528256896060 0.90295868185487 0.90783617360304 0.79666939765360 0.76361940017071 0.81768255475098 0.51740007129809 0.91698706014698 0.88376447477551 0.91427309917037 0.91328744683465 0.66911036014353 0.87499978271996 0.90928628991025 0.89315162805706 0.91476192557669 0.88774064489267 0.87115439033748 0.90647179933919 0.89359219841353 0.90812428073812 0.91417793657397 0.91491822258837 0.91242877250438 0.91942405863056 0.90912167149386 0.91515350768431 0.91383049918838 0.90935651229208 0.91375345461302 0.90792712417596 0.88810940227629 0.91888787049854 0.89469894318246 0.73451057055054 0.88634616694402
0.99516413152492 0.99006137482980 0.91536453935915 0.98939714134608 0.78897502555420 0.92017639470827 0.94997036907014 0.98947683069772 0.99525687133044 0.93545554688473 0.98277302419757 0.99308981372326 0.99543331974501 0.99541004721496 0.87856316855388 0.87748952520855 0.90684700394997 0.92834120981616 0.91114385362194 1.00000000000000 0.92965256676335 0.99390102646321 0.97217346516775 0.88366041816188 0.94223480606853 0.99546677585127 0.96920381976700 0.93963328016598 0.99170665853792 0.99520131195587 0.96665134800863 0.99012878399052 0.99068666433262 0.97148969637603 0.99541484263354 0.96841760064249 0.97452745205617 0.85912512264962 0.78713118664471 0.90326132219893 0.58418647937223 0.99165762214061 0.96672824270233 0.99520095150306 0.99167114924294 0.71034567283629 0.95033934156857 0.98711954413553 0.96838082327862 0.99471606440577 0.96242986295110 0.95908223160314 0.98642887461262 0.96629649747065 0.98759876666450 0.99545809787861 0.99529121814351 0.99417887506225 0.99412174452538 0.98665582577520 0.98820869220842 0.99476248734309 0.98526480541223 0.99374145735989 0.98295096490678 0.97094867276428 0.99500544833865 0.97541530955548 0.79001136427582 0.97874797575035
0.93246270868546 0.92808437162908 0.86875396279727 0.93300327065569 0.75523601129476 0.86087181661133 0.86988435951378 0.92818739604567 0.93262539008523 0.87453806967001 0.91681533102764 0.93372015430407 0.93264873958268 0.93232239780340 0.81624095135804 0.80083319524348 0.85353072801291 0.86836871915518 0.85680535915760 0.92965256676335 1.00000000000000 0.92854424458248 0.91008558849929 0.85354157340684 0.89387867181059 0.93181043063577 0.90553636089700 0.88750089098835 0.92594060958572 0.93214211406649 0.90394604956240 0.92335990978170 0.92704031940667 0.89867192533926 0.93239056380714 0.89531115574200 0.91809081993154 0.80670850485880 0.77532060021515 0.85218422386572 0.57940215011373 0.93254561909102 0.91466440363689 0.93220273223149 0.92772133584320 0.68426525256777 0.87039385159063 0.93061427857869 0.91822174943379 0.93208442850391 0.91100710163608 0.89127971570562 0.92220430307931 0.90943366082765 0.92284399483015 0.93164594727880 0.93238513278013 0.93117013231404 0.93091001856764 0.92207301679310 0.92453529684759 0.93000732196352 0.91829522291060 0.92997420617110 0.92250556171366 0.91589982204499 0.93418155472256 0.90999001885993 0.78919370648683 0.91075453996446
0.99238245496205 0.98791595068578 0.91262156197007 0.98673788058062 0.79163475436879 0.91035281860135 0.94461197122369 0.98741561108258 0.99212424922220 0.93006727398431 0.97887851387076 0.99029462469387 0.99241902624603 0.99246227590131 0.87849101481193 0.87034003918947 0.90727983401355 0.93037505581017 0.90365668087657 0.99390102646321 0.92854424458248 1.00000000000000 0.97305302574904 0.87839002097523 0.94813613594261 0.99255242640250 0.96495081917629 0.94122237227396 0.98940198776554 0.99190979296140 0.96551566115176 0.98704512996967 0.98740506350116 0.96786049345338 0.99244972578893 0.96396989957216 0.97062426521664 0.85907396837522 0.79127090338370 0.90285052657733 0.58299032576642 0.98845379516640 0.96800634591400 0.99235551982376 0.98958745129903 0.71457378227258 0.94936647426090 0.98631789575793 0.96481679283963 0.99225739960066 0.95954265869581 0.95517182219200 0.98318694106675 0.96294644205562 0.98626776659430 0.99240740872779 0.99221414024161 0.99104562582091 0.99133401411687 0.98161551830407 0.98535875688361 0.99175248279749 0.98312279423074 0.99112474938512 0.98064425938784 0.96604330712919 0.99201353898196 0.97242192242737 0.78372638699115 0.97470934965419
0.97610495438390 0.97492030438331 0.91253827509219 0.96926560232068 0.76421696397177 0.89730966344015 0.93859452756321 0.96908461587725 0.97528209274383 0.92056178933905 0.96707695186402 0.97219490544873 0.97580369924917 0.97591650152275 0.86473971357813 0.86847623525602 0.89867994723326 0.93108415151118 0.89541254545400 0.97217346516775 0.91008558849929 0.97305302574904 1.00000000000000 0.86633981183626 0.93969895682021 0.97545643914234 0.94990854610032 0.93451743809132 0.97300868563314 0.97280499329094 0.95871375549845 0.97065799043662 0.97099744903426 0.95358841500762 0.97590448143434 0.95411946261876 0.95484471224288 0.85044277777453 0.78327916681352 0.90642099175277 0.57951364553809 0.97192322089448 0.95504065238809 0.97561290846313 0.97533725055501 0.71210791860702 0.92962140066806 0.97138803102993 0.95292713934437 0.97434130803632 0.94408239442773 0.93695210627838 0.96894515173821 0.94833514391719 0.97662019277218 0.97598895516904 0.97599445471092 0.97392659094344 0.97577715808742 0.96463190865563 0.97217653364928 0.97414192107691 0.96754656155740 0.97657009642792 0.96079081162659 0.94927590292776 0.97560573975669 0.95676539881504 0.77225046661373 0.95591510486110
0.88618543398744 0.87884394427027 0.83217087387700 0.87924318640134 0.75560680972848 0.84567106489734 0.84476642300038 0.88586086401793 0.88525941987405 0.85586397692326 0.86495238516520 0.88490434152771 0.88654464274335 0.88645485446409 0.80469626074500 0.79782900105124 0.85096830873586 0.83082418944113 0.78792245443906 0.88366041816188 0.85354157340684 0.87839002097523 0.86633981183626 1.00000000000000 0.83501660241834 0.88578388229365 0.85473084219970 0.83542722318138 0.88648852494403 0.88809360898324 0.86899610120373 0.88210536612922 0.88717223904494 0.86762248341350 0.88623853241577 0.85840240222136 0.87197039701614 0.77569221601057 0.70700342415890 0.82077949008178 0.57250485677341 0.88462611215324 0.87171868209371 0.88564556771236 0.88345745988548 0.65259407870859 0.85352031525795 0.87998268175434 0.86074242479211 0.88760134241586 0.86647466228235 0.87449845958642 0.87307824357975 0.86228491915283 0.87932627875913 0.88727226434462 0.88648301658326 0.88566834786758 0.88358286361837 0.88325722431782 0.87068423447368 0.88692770696692 0.87651506544035 0.88170476635262 0.88101372712993 0.87591325131693 0.88438334998234 0.88092398405640 0.74384306301677 0.86880238123166
0.94539506891820 0.94270406524410 0.86382225717757 0.93440607719775 0.75181502392463 0.86546712378715 0.90896322562657 0.93896441440451 0.94450824520907 0.87588960894762 0.93076125571774 0.94291036176464 0.94528747760688 0.94475167052639 0.83822110351213 0.83257053331639 0.86265499636162 0.91499011509161 0.87998173671829 0.94223480606853 0.89387867181059 0.94813613594261 0.93969895682021 0.83501660241834 1.00000000000000 0.94447557687083 0.92382027271077 0.90293911046261 0.94125723354834 0.94018590295898 0.91920897322549 0.93956791093801 0.93835364369200 0.91661714579083 0.94472820083676 0.92231869326601 0.92980053973569 0.80644404358275 0.76488315318155 0.86347750527546 0.58091558263468 0.94294854395352 0.92186532421557 0.94501024977471 0.94371888998327 0.69384853754698 0.88708111314906 0.94186837921114 0.92814081481307 0.94501825045600 0.92871010558656 0.90566630979581 0.93703543968497 0.92125865310787 0.94740603486740 0.94395586159761 0.94522674278592 0.94326528002735 0.94271112821295 0.93638586344493 0.94124807469889 0.94257325548492 0.93210012569375 0.94355801117638 0.93515158148089 0.92308821081024 0.94580513193989 0.92243380162976 0.76786739317476 0.92046411363512
0.99972972651386 0.99267223037637 0.92179782871179 0.99465357033801 0.78949289574229 0.92125538068916 0.95063424874675 0.99488401617299 0.99979190077114 0.94205291133811 0.98797296312038 0.99792855499331 0.99980335010654 0.99984739425202 0.88207536023899 0.87941775723607 0.90868782574276 0.93364093311181 0.91527321547717 0.99546677585127 0.93181043063577 0.99255242640250 0.97545643914234 0.88578388229365 0.94447557687083 1.00000000000000 0.97190856944195 0.94572842563004 0.99619978816950 0.99807681207688 0.97193844021749 0.99475625163421 0.99562193209798 0.97274877271088 0.99985116799347 0.97218218015152 0.97922545179577 0.86806641843932 0.79273374289548 0.90564023629887 0.59072390125562 0.99579615932792 0.97338913499827 0.99974074828126 0.99657680500452 0.71878788370285 0.95621267970147 0.99156520668123 0.97303490472085 0.99919150005164 0.96457604009742 0.96160691576274 0.99107499077348 0.97070451136383 0.99222302105227 0.99969085917220 0.99964997451409 0.99883457600088 0.99853980894391 0.99071682591750 0.99301171301229 0.99891454040290 0.99121950139740 0.99820392983804 0.98820692358696 0.97419524789993 0.99953752737554 0.98045094418033 0.78998412426041 0.97444445059996
0.97194282716492 0.96775205412105 0.88939846732215 0.96933768536577 0.74937247215706 0.90223933658437 0.92244870596949 0.96894280365480 0.97174099158037 0.92855943885495 0.96121122383917 0.97142440720707 0.97240272720712 0.97239214035411 0.83847271860850 0.85842265276117 0.87591627149107 0.91808761241814 0.88729970233603 0.96920381976700 0.90553636089700 0.96495081917629 0.94990854610032 0.85473084219970 0.92382027271077 0.97190856944195 1.00000000000000 0.92513109149395 0.96769563053509 0.97229858929066 0.94187020553993 0.96533770596766 0.96774334836298 0.94508973970143 0.97239489602847 0.94149972741753 0.95329720127218 0.83580881327135 0.79275898295198 0.88039514436939 0.60100329264974 0.97263927383345 0.94491199034918 0.97333469598260 0.96804745649702 0.72852576795486 0.93657461067847 0.96873360586600 0.95385366622997 0.97140608259919 0.94340287399584 0.94303125213178 0.96786446761875 0.94982649961074 0.96646493455352 0.97193279696891 0.97287383729610 0.97113877083186 0.97222665461243 0.96474644293606 0.96438023739891 0.97120641054063 0.96319288971964 0.97101262263592 0.96528708026503 0.95223825920075 0.97175692516546 0.95242490628004 0.77220470865514 0.95391674850908
0.94592470283965 0.93723340705300 0.86793116384817 0.93956208491308 0.75911280057460 0.85733203078429 0.89191618205239 0.94835787467556 0.94537186268564 0.87567857390845 0.93317077951478 0.94641927496711 0.94607888521921 0.94604882771785 0.84006931347633 0.82874739771959 0.87603144709259 0.88283949707404 0.86805156726818 0.93963328016598 0.88750089098835 0.94122237227396 0.93451743809132 0.83542722318138 0.90293911046261 0.94572842563004 0.92513109149395 1.00000000000000 0.94128593023566 0.94411066635596 0.91920422414079 0.94365385149225 0.93953781806528 0.93807596657493 0.94613081158667 0.94116943674044 0.92899365551243 0.82753573542410 0.77895330581614 0.86195551184865 0.57692350935889 0.94314909050668 0.92811198856946 0.94604304567646 0.94338857841228 0.69897746563090 0.90219425278140 0.94073422161068 0.93224159532061 0.94650709708026 0.91643947442859 0.91973867179022 0.93599305307813 0.92773301237842 0.94332618928405 0.94648751271301 0.94613355716716 0.94702955117604 0.94358111258412 0.93870637146337 0.94084436178043 0.94547708160032 0.93848026184325 0.94288123811180 0.93318866975900 0.92158131093771 0.94700815111969 0.93742974144420 0.74520999784103 0.91623215362223
0.99620486903211 0.98927467687039 0.91789030937230 0.99020803735656 0.78185456153301 0.91746946076816 0.94679324006091 0.99054051422997 0.99613654587488 0.93735710051931 0.98362983013047 0.99406334597168 0.99635322669255 0.99639681045189 0.88399246334804 0.87678177837014 0.90915068039701 0.92886891507107 0.91002386855498 0.99170665853792 0.92594060958572 0.98940198776554 0.97300868563314 0.88648852494403 0.94125723354834 0.99619978816950 0.96769563053509 0.94128593023566 1.00000000000000 0.99545136266352 0.97545486959927 0.99043673736319 0.99138048439040 0.96651761510351 0.99640763703434 0.96787819066314 0.97559337331074 0.86084792228998 0.78855172564909 0.90130642475855 0.58513512383686 0.99173619103877 0.97039359901456 0.99615752365887 0.99276338694939 0.71828541861199 0.95082246814820 0.98718000481980 0.97031525395737 0.99604570421908 0.96303106686035 0.95861990835397 0.98838347047326 0.96756274235796 0.98831544918067 0.99630049081039 0.99610448231019 0.99524209782836 0.99555463424323 0.98947835349553 0.98867820745965 0.99566524323723 0.99007026773513 0.99476716835809 0.98664960449880 0.96954793201471 0.99598379567492 0.97714258191820 0.78309656435627 0.97391170365605
0.99799436960666 0.99068953105961 0.91928252060337 0.99217087952012 0.78788140525392 0.92074537927880 0.94770252360645 0.99286343434711 0.99789043068135 0.94366585008808 0.98538623546364 0.99607808660284 0.99802572545937 0.99809150592231 0.87809465492849 0.88076888864677 0.90896760391812 0.93187098194397 0.91237251019748 0.99520131195587 0.93214211406649 0.99190979296140 0.97280499329094 0.88809360898324 0.94018590295898 0.99807681207688 0.97229858929066 0.94411066635596 0.99545136266352 1.00000000000000 0.97261620221576 0.99274772575213 0.99343767852292 0.97076569554400 0.99810164595581 0.96973315625528 0.97677494191061 0.86890598183338 0.79370453810174 0.90424684796658 0.59140122441907 0.99475515819704 0.97320049772673 0.99793120087113 0.99445552676089 0.71804029243995 0.95697772826028 0.99007520782759 0.97095834023942 0.99744447520974 0.96428936188976 0.95960961493477 0.98924116501523 0.96940387142626 0.99065512395093 0.99787515398003 0.99790228948989 0.99712577811038 0.99713886815979 0.99027562941733 0.99101337996704 0.99736070469369 0.98888678002398 0.99606570664376 0.98730379853237 0.97126800040196 0.99770372117116 0.97984493398246 0.78758650465086 0.97495426670149
0.97241291569808 0.96742358406373 0.89673773311766 0.96550475652345 0.75527470736554 0.91551857152687 0.93612294351779 0.96611118768964 0.97178653786444 0.92455415301856 0.96102268227129 0.96896526121693 0.97215088845458 0.97232201170871 0.87157342778493 0.86437230667657 0.88894091211847 0.90657945345799 0.89661336732275 0.96665134800863 0.90394604956240 0.96551566115176 0.95871375549845 0.86899610120373 0.91920897322549 0.97193844021749 0.94187020553993 0.91920422414079 0.97545486959927 0.97261620221576 1.00000000000000 0.96872274154762 0.97161577275550 0.94104621070296 0.97234179250355 0.95297235300878 0.94548833063955 0.85981750394445 0.77445459042012 0.88704141805897 0.58911301903338 0.96833174352062 0.95174104251907 0.97216337138651 0.97417453052311 0.70806887529629 0.92816361205652 0.96274754580255 0.94732064119169 0.97197344810844 0.93143518321319 0.93282683960627 0.96781954465806 0.94020767360907 0.96815375240653 0.97212618515183 0.97233351994683 0.97085777838323 0.97185890045634 0.96737452851079 0.96751019504133 0.97154142277075 0.97043308166362 0.97165368307603 0.95839947020020 0.94380598932436 0.97195961619458 0.96220196903088 0.79026959289207 0.94670696737722
0.99457782021819 0.98763250405268 0.91404032248881 0.98926323495084 0.79087371356990 0.92086323260428 0.94529253224603 0.98937299344571 0.99477635922097 0.93891851782234 0.98174666873762 0.99313461930744 0.99473304239857 0.99482404082545 0.87817899497198 0.88332609048483 0.90540373972255 0.93124168872158 0.91042499670500 0.99012878399052 0.92335990978170 0.98704512996967 0.97065799043662 0.88210536612922 0.93956791093801 0.99475625163421 0.96533770596766 0.94365385149225 0.99043673736319 0.99274772575213 0.96872274154762 1.00000000000000 0.99039419366747 0.96879668238348 0.99484777758023 0.96767984491032 0.97371025969907 0.86389837250680 0.79430940997481 0.90772501677293 0.59205282427490 0.99043937976399 0.96769365904839 0.99464632251830 0.99379843839974 0.71730311416761 0.95327319422161 0.98548455850654 0.96584062529610 0.99390899575102 0.96007533208311 0.96027331767046 0.98504930473231 0.96596489760074 0.98599005086813 0.99471614949844 0.99495649637953 0.99395896215548 0.99310986579606 0.98813716118927 0.98715392777839 0.99382616934133 0.98784057856817 0.99280469352988 0.98308653067710 0.96874858065356 0.99470685418037 0.97435901567700 0.78216639726650 0.96856484208089
0.99550408043446 0.98868544793686 0.91720159469719 0.99067028373305 0.78858733653534 0.92331594179710 0.94719406760897 0.98952391301239 0.99560226414060 0.94208827990725 0.98223682041948 0.99338328319212 0.99560586583197 0.99566256507223 0.87292293699339 0.88216459851130 0.90637833968416 0.92825625208217 0.91065232869648 0.99068666433262 0.92704031940667 0.98740506350116 0.97099744903426 0.88717223904494 0.93835364369200 0.99562193209798 0.96774334836298 0.93953781806528 0.99138048439040 0.99343767852292 0.97161577275550 0.99039419366747 1.00000000000000 0.96599180775650 0.99567640465548 0.96778141105765 0.97301320395554 0.86409503707534 0.78518353841113 0.90167321150467 0.58817832846204 0.99174377965989 0.96812789735998 0.99564674085961 0.99207329524405 0.71468374092696 0.95710963030806 0.98697225086638 0.96744838703095 0.99501585901643 0.95894781580385 0.95954746819430 0.98661778938480 0.96666448053713 0.98737586172766 0.99577456751467 0.99539071397276 0.99552444336568 0.99459166091813 0.98550081022650 0.98817136526060 0.99490696260703 0.98681815837772 0.99386883213900 0.98386985638471 0.97232409160804 0.99530547491624 0.98137521308718 0.79938175096576 0.96874276336358
