0.00000000000000 8.68640011981850 31.29709278524481 7.60112413139798 50.49139903175204 35.96165038096007 24.94701498629896 8.08849261522434 1.73601025876743 26.80893466559733 11.29332168715656 4.57365908564171 1.25064876491352 1.19941978729957 38.98820311028801 41.51136929999151 39.07717310565383 29.34866889454871 31.40284267352734 7.12384201570810 29.84855297856087 9.89450159670858 19.13127194048028 42.81713723139697 29.58099033627614 1.61193961913873 20.05740183889832 26.73724408279944 6.48770629008419 4.79829880050150 20.47851021222721 7.59766675691806 6.89382839941520 19.82119294643768 1.21811012550404 18.41006618575345 15.13170580116934 43.01983466424085 50.99246615692952 39.70111080382746 59.20571353384639 7.16970627535265 21.38213926423174 1.45047835700103 5.95662059884837 56.43996458751142 24.99505139018641 10.16178856970253 18.07463198702686 2.80895476916326 22.41397071341168 21.92600634639658 10.20443372148057 18.90762821796989 8.83873983266007 1.75475041040844 1.74701635975932 3.36402416117874 3.99511032107487 10.60246142144316 8.86903681360759 3.52851899538581 10.28613690498171 4.26496343749884 12.15271701002003 20.08440037097898 1.99776362359576 15.35259670281914 50.75694311181193 17.49472382069436
8.68640011981850 0.00000000000000 29.81103485346082 10.77117270921551 48.04979996312414 33.94362930379930 23.32618132016821 10.22220766810932 8.67412758611799 25.86135270878871 11.33273077073045 9.48868776093355 8.69397379828043 8.78480260320326 36.80554283309768 39.31163709394308 36.57537715699167 28.33262731245457 29.35985390319676 9.41140252391860 28.06439918874718 10.45879101563161 17.25354190217774 40.53242027828801 27.44216526480301 8.71053426905315 18.81168705287824 25.71020786336678 9.75193960651096 9.15771402974278 19.27826960855603 10.45936869545305 10.04231176121423 19.40368437645450 8.81198935059231 18.43192923071999 16.15924999571135 40.61199054849557 48.62234591944422 36.96599199407925 56.63744789824234 9.86076205448604 20.90999792357397 8.72260258047691 9.77139083935729 53.63595334139637 24.21547357603963 10.64913977267631 18.12191599102204 8.72741852027552 21.85105077727396 20.74138307532525 11.40708888711029 18.58592804438135 11.89120140211037 8.76092922119805 8.77183939138743 8.87071483802925 8.87883073399984 12.32598151134192 10.08845926772107 8.67663258374749 12.11266137802780 8.43035230797412 13.03850641010892 18.95259590143400 8.29533974904252 16.09242550144806 48.25759385476625 16.51317637515036
31.29709278524481 29.81103485346082 0.00000000000000 29.70463628528636 32.76325386959231 25.36341877444157 26.82350595616928 28.27710523856272 31.36863699561038 23.55934337632341 27.84330987873959 30.46041925901922 31.63911076770214 31.85188792189418 26.90846510603545 26.70311550181948 24.93234957160308 26.27631004260029 28.07637293318146 30.23013826608157 24.59122535962045 28.19803317553398 23.11807364231712 27.12252187165609 24.54442293242227 31.47952950734270 25.54672705153302 25.58678289480431 29.79326882520294 30.08659164817211 24.33449891981767 30.10290958023120 30.04928739133380 24.72920592888144 31.89543998594239 25.93718074532883 28.01243913064680 27.02920440949417 33.29374072428134 25.81130155594391 40.02833540461101 28.83739015537372 23.05307214038384 31.37909180900011 30.25155951605199 36.37973871527932 24.32971739274242 28.08412353314930 23.55695963764751 30.95484582131088 24.11435182307228 26.58433554393241 28.99073380651942 26.58636307629370 29.79730667391953 31.50196994955348 31.60030651593247 31.05587766949082 30.44307787133710 28.53424465985640 27.24941628599241 30.21030446400365 28.55060577030968 30.24316025027866 28.27796077994322 24.22102083199459 31.37401478122001 26.83753466265026 32.51411985898616 26.30593117197332
7.60112413139798 10.77117270921551 29.70463628528636 0.00000000000000 48.60955149626787 34.53070696979719 24.00699270618690 9.74579290636502 7.33736826305988 25.54565858306292 13.03747386393787 8.47351649313308 7.66055946888907 7.74528845185924 37.57388525622509 39.90228042135593 37.11710024263523 28.40772348523955 30.70774126916534 9.74668929564744 27.89574933330174 11.10084841834950 18.77772028623355 40.98623232884126 28.78055127839705 7.43537383162818 18.84779082082332 25.77691093541680 9.35498162238318 8.40218066321659 19.99514440245814 9.79057684665844 9.14389568043278 19.35275046122330 7.76725011968758 18.47865064155342 15.78114895671691 41.32775325736895 49.08838891004466 37.45875721270732 56.85344125977997 9.52192965821852 20.32889290876359 7.67061947971760 9.11488187433234 54.22572553843000 23.97681169963643 11.14646810846154 18.43075616667613 7.74399607035962 22.12529062268241 20.40956202534863 10.99238628715434 18.39283511902426 11.13778978390807 7.53951358041371 7.76178570963474 7.44098356606364 8.00425752891207 11.51665443470049 11.14377412776473 7.23926844129252 11.41585863947082 8.30862667963368 13.02153383083264 17.61573780107710 7.75153674856950 15.94152275246482 48.17431880087863 16.69902597270886
50.49139903175204 48.04979996312414 32.76325386959231 48.60955149626787 0.00000000000000 27.07827204174765 38.16435689972077 46.69010726456810 50.46201092429625 35.40641665245521 46.23902961651235 49.61140674835659 50.70919338223052 51.02386491643573 27.83404427182510 24.21386358261973 22.81476185607221 34.01892741185866 34.42674463755728 48.24476237286692 32.99240790882875 45.25439525652243 39.10588380942654 21.84538178655036 31.51092974271942 50.50525587134118 39.53088123983709 35.13641035285860 48.31091186436249 48.61201756940833 38.54552136615801 47.84867262656806 48.27523119207260 38.80360037180080 51.07461009627081 41.54139500085836 44.38773585716190 23.07530576248599 20.85218287615434 23.68193354838743 24.50506871811220 46.90469595456943 35.43858369084280 50.53297406916401 48.69099039986902 20.99349554214920 34.98055205182852 46.27875684243593 40.98774359412269 49.74064735018802 36.96761859003028 38.36833586358840 46.01702186576824 40.92539799730307 48.56178109659340 50.49915461399149 50.66433008076540 49.81407268390775 49.30787189845266 45.85618725876622 46.33651272455139 48.99252744062515 46.03567258019900 49.25290814850146 44.42859856903168 37.63166731256756 50.35914852290402 43.45014438211016 22.30022592021166 41.71072200734445
35.96165038096007 33.94362930379930 25.36341877444157 34.53070696979719 27.07827204174765 0.00000000000000 23.90617552383808 32.69630610745061 35.86681130311550 22.94354701224787 32.36988009008891 35.27409086984898 36.10972602042799 36.47803607867104 23.57109404535611 23.38476437292845 21.11804080338128 24.43002076064980 25.85067168222713 33.94006584388221 24.69220857617332 32.01744894817995 26.67860317094917 21.34925188485554 23.27381029888839 36.02797829329439 26.13122324704578 26.59585831031076 33.95889978646414 34.20406892818389 24.32744490840706 33.57948021851625 33.70660694797399 26.17485611314516 36.51895138275657 28.73771083719410 30.95076218565536 23.73306092891658 26.48534039657409 22.57109739688063 32.13268342159365 32.59554481538477 24.43772257921788 35.99894887955221 33.92696888663767 29.66547021808434 24.88145701734977 32.24459249915466 28.16751932856684 35.30533280799759 26.05817461241902 26.62509331764485 32.22871237851037 28.04428477964389 34.54203255858641 35.97142199818969 36.10928504491316 35.56984074544565 34.89906277947347 31.63580976965422 32.64612013849138 34.48241995174181 30.92804141876707 34.80447360985632 30.96983423217823 25.74789092477088 35.82692943630317 29.49407001417507 25.99844250944554 29.24394225791196
24.94701498629896 23.32618132016821 26.82350595616928 24.00699270618690 38.16435689972077 23.90617552383808 0.00000000000000 22.72507822636639 24.87392350665540 23.57120194309250 23.99161647704835 24.72566821194312 25.08374928757343 25.33975872133970 28.94589898244464 30.39038555985729 25.74635930435226 25.38366734081667 25.45426254094648 23.26599694459107 26.38289690927242 22.06257728633350 19.30098622486333 30.92799064443584 22.32343801608300 24.92255383302100 21.59775081948876 24.37668808879342 23.59726162789087 23.85338265833857 19.39252626733226 23.73626588946918 23.69952096335793 21.02065582471916 25.38515445230436 20.66459173045809 23.40950981382561 31.99375609704487 37.84149836684681 26.59763343309217 44.39030888652114 23.02660501960959 19.95375263862190 25.03138690484027 23.38214370782939 42.25609558372550 22.70256939223708 22.45018293500747 22.62130275893233 24.21471886958613 21.50175331366400 21.62701818967900 22.51231371157057 23.23435406144230 23.46146980852157 24.82233391113364 25.01270498084122 24.85656802288456 23.77633364923825 22.39532896924457 23.11298127198024 23.82180812794365 20.98241371798203 23.90263266268081 22.47347871447190 19.59692233316626 24.95900886335091 21.49987845061412 36.52777288823744 21.86479972685088
8.08849261522434 10.22220766810932 28.27710523856272 9.74579290636502 46.69010726456810 32.69630610745061 22.72507822636639 0.00000000000000 8.10255026519783 24.93482014197231 11.41126947067461 8.79283645182000 8.15022788929597 8.30666498444997 35.63147446708303 38.24425510396678 35.30656223826797 27.08113842336613 29.37358384638449 9.73927154578060 27.06413678538343 10.31311034233208 17.62462907111072 38.94581572505983 26.79994692537425 7.98955577474285 17.72599280862214 23.24281668211720 9.19695821575254 8.18609211762441 18.64936676311299 9.70439977616022 9.72241977192252 17.23549518640753 8.32743030261790 16.48967402439318 15.03514415797768 38.83036248319797 47.22248998663616 36.15095003701528 55.07226619220844 9.06941117120299 19.17463145759259 8.04358505802755 9.10715632881142 52.48177435221798 22.71665812071004 11.11245421325752 16.46972466800807 7.24516249748185 20.29960196655895 20.14151351419590 11.20979741649260 17.67373304677760 10.95097242655332 7.98234741365655 8.22399459705227 8.25739717800866 8.16292627412945 11.34063528615795 8.99716451584611 7.57056595092079 10.28724951195494 8.51382730042428 11.80433067367253 17.51442334580015 8.08617764789212 14.27320964095497 46.59969117978758 16.68548604236240
1.73601025876743 8.67412758611799 31.36863699561038 7.33736826305988 50.46201092429625 35.86681130311550 24.87392350665540 8.10255026519783 0.00000000000000 26.96669930342293 11.45627175409193 4.47959184573145 1.39656274201245 1.51239490450308 38.83289269664009 41.39859172669018 39.05556883118984 29.42643419093184 31.41133229341107 7.03198269811428 29.76431402975087 9.96049427530634 19.23471876438554 42.79084123183922 29.60761065405377 1.41600015670886 20.03475091738924 26.74671868344623 6.50047400720106 4.86190337102656 20.53124806462919 7.44251275667787 6.79560644828353 19.81680960970760 1.51261901234935 18.41917173029593 15.00247182681664 42.87476695596362 50.89844284978547 39.53246427983317 59.09525577126087 7.32535289263737 21.42740562366048 1.72378019746586 5.92077043216026 56.31673195602324 24.96874246463536 10.19452482900293 18.41248423415607 2.84207218546973 22.44350272585334 21.88395210151587 10.26785657044881 18.78359015642297 8.97115465216658 1.74536219415052 1.94931867530041 3.39717538276089 3.98535499846108 10.35706673027505 9.20990132946872 3.50350305111475 10.27331103605452 4.41039173018864 12.01308965732856 19.93545517116204 1.83391378878356 15.43895682089202 50.68026172430449 17.53083092784582
26.80893466559733 25.86135270878871 23.55934337632341 25.54565858306292 35.40641665245521 22.94354701224787 23.57120194309250 24.93482014197231 26.96669930342293 0.00000000000000 24.83788096606658 26.68611173443739 27.12326653539422 27.32236313568877 29.83953219753846 28.55266939687662 27.26942791113354 24.08929437660162 26.55653262314814 26.09688441071145 25.21978227210956 24.70543333733443 21.82812679595205 28.83582705552846 24.90677198625958 27.02728895093530 20.67907219561710 25.60123895775728 25.68715768411169 25.24336079714535 20.91946008347611 25.38685259116626 25.21727607299770 22.89902358567507 27.39879826431920 24.54476205410884 25.10041335185541 30.69791135909202 35.42269234535925 26.99094217764635 42.57781262993299 24.07989848783581 21.43970253323073 26.95705174175021 25.00636876772647 39.65567154266541 21.15775204550402 23.95197788299718 22.18570612909263 26.54702139511176 22.15711333683528 23.09819544589830 24.48638271596677 23.58358333017442 26.53842938869983 27.02918265139875 27.07062922897755 26.37321276408658 25.99155543855106 24.52312826892107 24.81251037543469 25.49781000891358 23.65253791238107 25.92693700183847 23.44055745428241 22.57746298886937 26.94783547436968 24.28754203442977 35.50547066047039 23.81446677172059
11.29332168715656 11.33273077073045 27.84330987873959 13.03747386393787 46.23902961651235 32.36988009008891 23.99161647704835 11.41126947067461 11.45627175409193 24.83788096606658 0.00000000000000 11.89943815335375 11.46732592440748 11.62768932914139 35.65969865621914 37.72546914381783 35.67350783973952 26.84241758744647 28.48653466271919 12.41573504127807 27.99425178602988 13.22487846368115 17.73122230773892 39.63290949244156 27.31707229308512 11.39599644693613 18.94669132685366 24.98361528320188 12.05522315880816 11.57176586847427 19.28699488321215 12.67916950208266 12.60565811490002 18.76855138201575 11.64629324803566 17.96669233270888 16.53055237611940 38.69020945590412 46.57913829203724 36.02599268590270 54.92891343952850 11.10964767890322 19.35825394510332 11.21169079948717 12.02757652077008 51.85019841896352 23.09837185755615 13.37762727014251 16.24996939661883 11.32460745533796 20.91513411274318 21.99763299695832 12.06998346441439 19.13768060621965 13.37659987723040 11.53378523102124 11.57615971873427 11.57742384912132 11.47630384940182 13.32361722144151 9.62603034876335 11.27093402996407 12.75748458263823 9.28301530692322 13.97814705765231 19.41917975456592 11.25444674466025 16.91452507050180 46.62588310062928 17.16379402822780
4.57365908564171 9.48868776093355 30.46041925901922 8.47351649313308 49.61140674835659 35.27409086984898 24.72566821194312 8.79283645182000 4.47959184573145 26.68611173443739 11.89943815335375 0.00000000000000 4.51457949312999 4.63151777840379 38.37134495761430 40.59598400482015 38.31247526514480 28.99248691767255 31.17641926557064 8.07829431725545 28.90952386373534 10.25694856554395 19.17329047541585 41.96476479178835 29.00923438067723 4.53982688128694 19.42150171403967 25.90224670777177 7.54031034639647 6.10241449908318 20.36122265473303 8.10169282470155 7.90837535238258 19.68408463450033 4.64158855750604 18.31066352056112 15.33736403931370 42.20711856966278 50.17664773049428 38.87543605723103 58.17315171629941 7.92656494480483 20.98226178359216 4.24962718936529 7.12734386597537 55.45699370138724 24.19928441579910 9.41797362015456 17.61240334505439 5.01358588541033 22.07319210708515 21.69081719283758 10.84838985144779 18.10242321880343 9.75269416827960 4.67557813360377 4.70226465959458 5.16670246224821 5.68765214343238 10.68623311336797 9.68510269097164 5.41964926841892 10.84141388601737 6.03634200932613 12.29888781086414 19.77194709438826 4.70020136092551 14.63593021981698 49.91151092343894 17.12506276120245
1.25064876491352 8.69397379828043 31.63911076770214 7.66055946888907 50.70919338223052 36.10972602042799 25.08374928757343 8.15022788929597 1.39656274201245 27.12326653539422 11.46732592440748 4.51457949312999 0.00000000000000 0.71353034359095 39.10241655435780 41.68451502450763 39.26912257641374 29.55736945622846 31.66434489735393 7.04360416398910 30.02137821361359 10.02502607197763 19.37679300664727 43.02073938069483 29.79790539008418 1.39768634353985 20.15039742841519 26.90445412925221 6.49260500931747 4.88298446309249 20.71368247056354 7.60518820282840 6.92296508938172 20.05438807779188 0.70723657572000 18.50888782347223 15.11331638546737 43.23754258400187 51.20557769067971 39.88979209296534 59.42236046519685 7.37181976780079 21.63644803560546 1.22702017015906 5.94820039122784 56.65475694740987 25.15946725515257 10.28068839869931 18.52084225513758 2.67487580850055 22.60122571158590 21.99218686489202 10.34974057868192 18.86377123342806 9.01797581825927 1.31507832309147 1.48962576460066 3.17962945725026 3.98374165522728 10.64829703863441 9.25144974226400 3.52118779319477 10.50849259541434 4.41318556585518 12.10692915163251 20.15028720757035 1.61751770231769 15.46824906944626 50.96145036003541 17.54858511396276
1.19941978729957 8.78480260320326 31.85188792189418 7.74528845185924 51.02386491643573 36.47803607867104 25.33975872133970 8.30666498444997 1.51239490450308 27.32236313568877 11.62768932914139 4.63151777840379 0.71353034359095 0.00000000000000 39.42904450158164 41.95883384239358 39.57620843837679 29.85320324541796 31.96890531812191 7.19852615868731 30.31685118474685 10.20714286412946 19.60199608730140 43.32262160032472 30.12974752179277 1.33693443412819 20.39629309749423 27.15956780083312 6.62088840143411 4.98831677570013 20.93246920250436 7.69605737727411 7.02623203803619 20.29087438263173 0.18325814570227 18.73463509384460 15.40273886641363 43.50163980504865 51.52484031286209 40.17341688941999 59.73837443465766 7.51992637812001 21.87907195137103 1.22078082100529 6.03671417726809 56.97931183846141 25.39406595346578 10.43992541032826 18.71755649767231 2.80450002206904 22.84961155353852 22.26642390728869 10.49785472337860 19.20670633097487 9.07616211154319 1.43166994884151 1.41149522912326 3.27938940144435 4.08112198428777 10.84461619980713 9.38532903271165 3.67409784592430 10.64096484412010 4.49371056288621 12.40254550531118 20.49529712452912 1.81121561325566 15.68628398124624 51.28899255960170 17.82415779957519
38.98820311028801 36.80554283309768 26.90846510603545 37.57388525622509 27.83404427182510 23.57109404535611 28.94589898244464 35.63147446708303 38.83289269664009 29.83953219753846 35.65969865621914 38.37134495761430 39.10241655435780 39.42904450158164 0.00000000000000 25.93707915215157 23.48702973479540 27.62075216023130 28.34068586974374 37.05777492414465 27.97352443095536 34.44696296008863 29.26984620003966 23.77504847258950 25.35655204279323 38.90745737205436 31.08768097060739 27.88741612524247 36.47506729797685 37.38965101001434 28.00102268969007 36.79001341568516 37.47732143760143 29.22827151969523 39.47195228091022 29.58460334253967 33.29385744569204 24.44575681502491 28.35304280995977 23.38731109963778 33.96688483724787 35.99809748888229 28.25323116753716 39.01810141552043 37.22836513146608 30.35548329333335 26.26008641818536 35.15601149799569 31.87718359354674 38.17813887776042 29.04355750423711 29.28898258232649 35.45387444601924 31.00982448254571 37.55549595414099 38.88209438586039 39.13788202733159 38.60512806401185 37.91173825332171 35.36461413861245 35.71413807943740 37.60282966062810 34.74407886164722 37.76461723105188 33.23893919510996 28.06315803817099 38.75663218397123 32.48969258741495 28.34953893896292 31.61605504829762
41.51136929999151 39.31163709394308 26.70311550181948 39.90228042135593 24.21386358261973 23.38476437292845 30.39038555985729 38.24425510396678 41.39859172669018 28.55266939687662 37.72546914381783 40.59598400482015 41.68451502450763 41.95883384239358 25.93707915215157 0.00000000000000 21.94646248600895 26.48608856169746 28.41307469293435 39.31825426332497 29.12775141826936 37.00724924843605 30.41219015696259 22.14113305138457 25.87311681550849 41.39657208864449 30.92978857646409 29.31257080705213 39.16478777894897 39.43000183766378 29.85892953579981 38.64805549912560 39.04599906127715 31.32153129121646 42.00925414220323 33.54052132675145 36.66156914117813 21.48309825895704 24.87233756722924 21.47195848703014 29.85968482314446 38.31452608265428 28.54348375021883 41.47049758740736 39.86072408122866 26.04043878343281 27.56899624949652 37.36041206116176 34.12933304222857 40.76923248515808 29.08210277402985 32.35645067781232 36.96060068088397 34.26739043469870 39.62627996940390 41.49635128731119 41.61905889122802 40.86807291225566 40.28255639127127 36.44963019325557 37.68335614634945 40.02089405602472 37.26456409688426 40.18979275002254 35.95380027452680 30.68300057771321 41.42002079040664 34.60019187816337 25.54580452323369 33.59569899607590
39.07717310565383 36.57537715699167 24.93234957160308 37.11710024263523 22.81476185607221 21.11804080338128 25.74635930435226 35.30656223826797 39.05556883118984 27.26942791113354 35.67350783973952 38.31247526514480 39.26912257641374 39.57620843837679 23.48702973479540 21.94646248600895 0.00000000000000 27.90695174136073 28.09311352752110 37.02248084609839 25.64875493055660 34.20337127601574 28.00143818729448 19.36117507360305 23.74068921739194 39.12135363579622 29.48144050488786 25.95150500238913 36.67004671671010 37.19813266816310 27.87912572703517 36.80468491327747 37.06873344794310 29.40976910177976 39.62247667284664 30.39423168970449 34.43400455436995 21.94705596585071 24.53903226707689 18.94458645236258 30.50484909930709 35.74596863565693 26.27223241721679 39.11209339534422 37.47668087747663 27.22335383751056 26.20301095075101 34.75467929765836 30.67216413287550 38.28644630370257 27.18356800164008 28.03321179107877 35.41167928647779 31.15372693056231 37.21011681838836 39.04706748469680 39.22188146647440 38.49334534358447 37.77057134379365 34.38163292880188 35.52050635128023 37.54535590289399 34.92436340182280 37.86099685052305 33.13146487368398 26.54259382486332 38.96003864887641 32.57065400940189 24.20627706525203 31.46979284446497
29.34866889454871 28.33262731245457 26.27631004260029 28.40772348523955 34.01892741185866 24.43002076064980 25.38366734081667 27.08113842336613 29.42643419093184 24.08929437660162 26.84241758744647 28.99248691767255 29.55736945622846 29.85320324541796 27.62075216023130 26.48608856169746 27.90695174136073 0.00000000000000 24.80937184778318 28.11088493511166 24.99978799913756 25.58304272066733 20.60952742563085 28.31021138330042 19.83944854887955 29.39413171922617 22.18499894826988 24.32174874188759 27.88250489113394 27.96342921080119 23.16250218759852 27.50680906521394 28.13353458834931 22.76671306127043 29.89307846076410 25.20407704446619 26.15494295954470 29.71690427043191 33.92456378528511 27.66453548011462 40.51501402022700 26.48421211090074 20.63737159999370 29.47188595307760 27.87326212182402 37.93389396657829 22.86740910881922 25.82538967049963 25.27569817370003 28.79460335929134 23.30816030427590 25.42511042118048 25.81882422268430 22.53335970666391 28.00832581007143 29.53917206945495 29.58449198248882 29.28448588047939 28.44118701864219 26.82108378103354 26.37468036937364 28.43198995405684 26.14421702934246 28.42397170213210 25.06657551192032 23.43865145437987 29.39123301855669 26.24518395233042 34.17862033929067 25.00756740485334
31.40284267352734 29.35985390319676 28.07637293318146 30.70774126916534 34.42674463755728 25.85067168222713 25.45426254094648 29.37358384638449 31.41133229341107 26.55653262314814 28.48653466271919 31.17641926557064 31.66434489735393 31.96890531812191 28.34068586974374 28.41307469293435 28.09311352752110 24.80937184778318 0.00000000000000 30.12391280190261 26.02141331841270 28.71981989564714 24.91102325573272 30.53454514791136 23.45299065484908 31.53110738195618 25.69979047989066 25.76762883855137 30.08257435792932 30.25034929229472 24.29375805214450 29.94576454290640 30.18961054663708 23.67758059284379 32.00696671071412 25.55505602219137 27.10799156462415 29.83731919558802 33.34779750148463 28.35474224778558 41.94108387212334 28.36656506699251 24.92470686514970 31.65912439802227 30.17108380947807 38.26602115171212 25.29635369678820 28.33887493428992 26.38760237702391 30.92542021930821 24.78333164494758 27.37028991762210 28.93101344760442 26.45901182120667 30.35341692624301 31.68231243044689 31.68591410648424 31.38816175359587 29.99933119988973 28.23475079402790 28.15645955290231 30.49309828353159 28.26154240287101 30.61414339637805 27.55035676820771 25.32265580432765 31.04663734954218 28.01761503357137 34.29544258561566 27.83948502409959
7.12384201570810 9.41140252391860 30.23013826608157 9.74668929564744 48.24476237286692 33.94006584388221 23.26599694459107 9.73927154578060 7.03198269811428 26.09688441071145 12.41573504127807 8.07829431725545 7.04360416398910 7.19852615868731 37.05777492414465 39.31825426332497 37.02248084609839 28.11088493511166 30.12391280190261 0.00000000000000 28.24301559077052 7.85270753800062 18.15381847947370 40.69946674444134 27.87945714644940 6.92436139352161 18.83940130875381 25.73016729910118 8.60533804393200 6.58062829284237 19.74765780988884 9.38275871844804 9.13234940262474 18.34198718602282 7.21923378146870 17.76773607517142 15.32344775726095 41.24354327938849 48.91210730994212 37.58371707282951 57.04884427683746 8.67656348015696 20.65631037618515 7.11057652391941 8.66731510893928 54.28923973492938 23.95783922040901 10.87015503751347 17.93043846008733 7.13449568348422 21.03602687816120 20.73271262652134 11.07950058021205 18.30449426494328 10.52733106909155 6.94736728125136 7.10043374592629 7.54846884724063 7.38300040926046 11.08274752631322 10.32616143722147 6.94814792869695 11.59503180159720 7.61209071326270 12.65980938330667 18.80686282002044 7.18190621399149 15.27408688592759 48.48652728629084 14.95908032403367
29.84855297856087 28.06439918874718 24.59122535962045 27.89574933330174 32.99240790882875 24.69220857617332 26.38289690927242 27.06413678538343 29.76431402975087 25.21978227210956 27.99425178602988 28.90952386373534 30.02137821361359 30.31685118474685 27.97352443095536 29.12775141826936 25.64875493055660 24.99978799913756 26.02141331841270 28.24301559077052 0.00000000000000 26.04762998896710 23.28792559966988 26.52145945008713 21.93594043848492 29.92260854301781 23.72285816788811 23.75324833073240 28.49707520571904 28.22756345182612 23.48835859762332 28.69164239959947 28.55394745597880 24.53011913973111 30.35154642312769 26.45917058695002 26.06812109252999 28.97242916989651 32.53954827377490 25.83646487886050 39.98375464094990 26.74794069016774 21.46978577437256 29.90018576080797 28.75386230161825 37.49094990831103 25.69489396231423 26.04957632832646 23.61604188868381 29.20653923379414 22.18849755979897 25.30738072932551 27.32734227349317 24.76658061705026 28.91394987901545 29.97613955412793 29.97911034152869 29.53006443628748 28.90945763553753 26.92212540714895 27.25215857949846 28.88915357898133 27.40753982941472 29.00975138683891 26.02459627062811 22.20908689037624 29.55818319181485 26.44529811493667 31.77413362325934 25.25384632834785
9.89450159670858 10.45879101563161 28.19803317553398 11.10084841834950 45.25439525652243 32.01744894817995 22.06257728633350 10.31311034233208 9.96049427530634 24.70543333733443 13.22487846368115 10.25694856554395 10.02502607197763 10.20714286412946 34.44696296008863 37.00724924843605 34.20337127601574 25.58304272066733 28.71981989564714 7.85270753800062 26.04762998896710 0.00000000000000 15.96812609914170 38.14786918866592 24.66958624412296 9.81881166799292 17.74196559027475 23.33231712265346 9.92333263795858 9.01656200137534 17.93185200553919 10.84482659390397 10.82865425275130 17.12151486903511 10.24597605327151 17.20864801335074 15.35311755566487 38.47030874980030 45.85163481735191 34.81410399234917 54.14055629552369 9.94343329795555 18.20003831979081 9.92334681359782 10.07232086689505 51.20252540939968 21.91126579419614 10.58886774557386 17.10272317860145 9.46020422421432 19.44603994635333 19.59523313660185 11.79258083174873 17.46661768384935 11.21712450044197 9.91034416054265 10.06088511876422 10.15105790362446 9.60215322967868 12.25228094847668 11.05100098911852 9.33525549284809 11.74765591109507 9.69250177098737 12.49516369060340 17.73981643697185 9.98731895469208 14.90217260572460 45.82494983706359 14.50789568349926
19.13127194048028 17.25354190217774 23.11807364231712 18.77772028623355 39.10588380942654 26.67860317094917 19.30098622486333 17.62462907111072 19.23471876438554 21.82812679595205 17.73122230773892 19.17329047541585 19.37679300664727 19.60199608730140 29.26984620003966 30.41219015696259 28.00143818729448 20.60952742563085 24.91102325573272 18.15381847947370 23.28792559966988 15.96812609914170 0.00000000000000 31.82134932410387 20.04933968252011 19.26291669136894 17.66127489775609 19.92033192727322 17.82890272668877 18.26678995504356 15.94318015187329 18.22809284311375 18.40593456642590 17.01161033802285 19.64497314848767 17.56929974282327 18.75935892310379 32.16005352212643 38.84026277333533 27.68982873886143 46.80368080764834 17.19484275791681 16.57002126739432 19.25197716583693 17.75746759076689 43.71641606759672 20.59507280381252 16.53658656509764 17.66246250497839 18.84355545862176 18.45390416269884 19.81926904479778 17.29858709190734 18.55089597407148 17.12082783154271 19.18899608360038 19.26985892240823 19.13259647522738 18.14606614295946 17.84168608128444 16.77399969525846 18.37161893708169 17.29151895105037 17.97376364296248 17.96075131756261 17.69070463966262 19.14079818018829 18.03100260549663 39.00562915134815 17.50773296080865
42.81713723139697 40.53242027828801 27.12252187165609 40.98623232884126 21.84538178655036 21.34925188485554 30.92799064443584 38.94581572505983 42.79084123183922 28.83582705552846 39.63290949244156 41.96476479178835 43.02073938069483 43.32262160032472 23.77504847258950 22.14113305138457 19.36117507360305 28.31021138330042 30.53454514791136 40.69946674444134 26.52145945008713 38.14786918866592 31.82134932410387 0.00000000000000 26.18024788072747 42.83959031143383 32.34197717685883 29.68473468150476 40.34228316079752 40.77943863575035 30.79213571050051 40.46507166080674 40.52324116233028 31.66483225505103 43.38262225183826 34.68491354858859 36.95230846374568 22.68101693062285 23.61964447726303 20.94981518558818 27.29111541809712 39.25329553667576 29.16772123361324 42.87191077838815 41.05685769490606 25.12830717299297 29.12265507961489 38.36987369453828 34.17378107517279 41.94770756407117 30.04150084177174 31.22030404834171 39.11904757443392 34.27242280986580 40.81498150117648 42.80019428256528 42.94144743139115 42.30808815072545 41.66165596509603 38.02743362924966 39.48880747948100 41.33585834564997 38.47051407932717 41.75597786173532 37.06312414142648 30.58267456468251 42.80294728881957 35.71219016453374 22.26867041295775 34.84161151653170
29.58099033627614 27.44216526480301 24.54442293242227 28.78055127839705 31.51092974271942 23.27381029888839 22.32343801608300 26.79994692537425 29.60761065405377 24.90677198625958 27.31707229308512 29.00923438067723 29.79790539008418 30.12974752179277 25.35655204279323 25.87311681550849 23.74068921739194 19.83944854887955 23.45299065484908 27.87945714644940 21.93594043848492 24.66958624412296 20.04933968252011 26.18024788072747 0.00000000000000 29.68177938038310 21.90730250281034 21.97289563220768 27.80695126133005 28.39479817766038 21.96222388206406 27.89068669133415 28.32262020660282 22.78780195019131 30.17697784155972 23.93356579276936 25.48472146182470 27.63057886811007 31.28662252735284 23.76009672537493 38.19579677947309 26.55741349588707 20.73413593701136 29.64661298400575 28.02584311266525 35.44755310640149 23.88712228627381 25.68117707560252 22.97180635556716 28.89509446947476 20.24816892692268 23.97393252779730 26.55557481441176 23.90769521985765 27.18798346977862 29.77526961993108 29.72841471458056 29.32087407378536 28.69100620903912 26.17185468119603 26.28576667466806 28.57528779383430 26.71304828424849 28.59130639524046 25.38779408015043 21.64006277527355 29.43427054169435 25.71187289508075 30.99688479926704 24.71012930042605
1.61193961913873 8.71053426905315 31.47952950734270 7.43537383162818 50.50525587134118 36.02797829329439 24.92255383302100 7.98955577474285 1.41600015670886 27.02728895093530 11.39599644693613 4.53982688128694 1.39768634353985 1.33693443412819 38.90745737205436 41.39657208864449 39.12135363579622 29.39413171922617 31.53110738195618 6.92436139352161 29.92260854301781 9.81881166799292 19.26291669136894 42.83959031143383 29.68177938038310 0.00000000000000 20.06474069152279 26.76402039148409 6.49176453807483 4.71796525777487 20.56720480654229 7.48891617491496 6.81443797527581 19.85608802576021 1.34614617501136 18.43624315425707 15.20823842114356 42.95465208680056 51.00631429012082 39.65648662995414 59.19804911581660 7.32317053348739 21.42523665886585 1.57927011176120 6.01242714041938 56.42012719037537 24.97708918300766 10.09433091796398 18.46094408374780 2.89870882711661 22.49197052812452 21.94282286023243 10.13517172735192 18.86281588220909 8.86271638082124 1.72504760574265 1.84245122838249 3.38284245891574 3.96183446924955 10.53898034024795 9.12134844504312 3.54971037411102 10.29052090383141 4.34507186561846 12.06872214347186 19.99732309046888 2.11017286420484 15.20062585983317 50.77545070137290 17.52601982649370
20.05740183889832 18.81168705287824 25.54672705153302 18.84779082082332 39.53088123983709 26.13122324704578 21.59775081948876 17.72599280862214 20.03475091738924 20.67907219561710 18.94669132685366 19.42150171403967 20.15039742841519 20.39629309749423 31.08768097060739 30.92978857646409 29.48144050488786 22.18499894826988 25.69979047989066 18.83940130875381 23.72285816788811 17.74196559027475 17.66127489775609 32.34197717685883 21.90730250281034 20.06474069152279 0.00000000000000 21.15388525029284 18.98725451936026 18.46151841059655 18.86834538765556 19.35951611765679 19.13753097736782 18.47470142994932 20.43570462457792 19.77997475218313 19.07451689227863 32.88267007465046 38.32011386651977 29.38719556549875 46.08454682896691 17.12168866380879 18.24106267818078 19.80868994649441 19.32353768147333 43.11888823502449 19.52926797733732 17.16693343415969 17.48846717332223 19.52654746603481 18.51671681698686 18.80967790794395 17.58888807141233 18.28377230383606 19.28631400510404 20.09291179977701 19.99191203636778 19.78147793675803 18.96883534182533 17.87657373336326 18.44415378168610 19.05926326582928 18.22686240971153 19.20408280744070 17.10894264847066 17.13351254421029 20.00350703669564 18.86092870238508 38.85087882600448 17.89295449223426
26.73724408279944 25.71020786336678 25.58678289480431 25.77691093541680 35.13641035285860 26.59585831031076 24.37668808879342 23.24281668211720 26.74671868344623 25.60123895775728 24.98361528320188 25.90224670777177 26.90445412925221 27.15956780083312 27.88741612524247 29.31257080705213 25.95150500238913 24.32174874188759 25.76762883855137 25.73016729910118 23.75324833073240 23.33231712265346 19.92033192727322 29.68473468150476 21.97289563220768 26.76402039148409 21.15388525029284 0.00000000000000 25.34853765692914 25.38676600880496 21.61260432226851 24.93512411216703 25.75512279533273 19.36435721847006 27.18985211858197 20.24819674643847 23.89797466026351 29.74685302734902 34.75263904216060 27.09234154088134 42.49746439455681 24.16176310249059 19.85841061922444 26.74326397344560 25.50444361019859 39.60201340055971 22.75317155850577 23.63054917952497 21.31049470354743 25.99707598271964 21.60140690858349 21.88028617663244 24.55341474576770 22.03730415756351 25.13845731302071 26.69736587118493 26.82759501662667 26.13995837954560 25.97526188804632 23.79178405824138 24.07411004447899 25.60201173998907 23.87393126742048 26.06294079072932 23.76122622365038 21.38910075622029 26.49991837638763 22.24860993238262 35.84997006297501 24.09051460955175
6.48770629008419 9.75193960651096 29.79326882520294 9.35498162238318 48.31091186436249 33.95889978646414 23.59726162789087 9.19695821575254 6.50047400720106 25.68715768411169 12.05522315880816 7.54031034639647 6.49260500931747 6.62088840143411 36.47506729797685 39.16478777894897 36.67004671671010 27.88250489113394 30.08257435792932 8.60533804393200 28.49707520571904 9.92333263795858 17.82890272668877 40.34228316079752 27.80695126133005 6.49176453807483 18.98725451936026 25.34853765692914 0.00000000000000 6.41254441595454 17.87523868482918 9.21471091798832 8.77435091673793 19.18070759244773 6.64036124711461 17.76347440612842 14.94071670861229 40.94887026145201 48.65406441917335 37.51011726341967 56.81622366313412 8.58742132790511 19.84803901662033 6.53371495169429 8.08009823885062 53.87673280686707 23.72580665562310 10.77591241068035 17.37573496616180 6.27192645431040 20.77526407878911 20.67450669510251 10.22545568080105 17.90701952360494 10.20146941056692 6.43929215263395 6.62675615632575 6.92195222308391 6.46926369942999 9.85561102593303 10.06816988948622 6.35554955468478 9.58002315778755 6.99732382251904 11.27262806247264 18.92505567202122 6.59217413632293 14.70034988020715 48.53775111078699 16.07556202198226
4.79829880050150 9.15771402974278 30.08659164817211 8.40218066321659 48.61201756940833 34.20406892818389 23.85338265833857 8.18609211762441 4.86190337102656 25.24336079714535 11.57176586847427 6.10241449908318 4.88298446309249 4.98831677570013 37.38965101001434 39.43000183766378 37.19813266816310 27.96342921080119 30.25034929229472 6.58062829284237 28.22756345182612 9.01656200137534 18.26678995504356 40.77943863575035 28.39479817766038 4.71796525777487 18.46151841059655 25.38676600880496 6.41254441595454 0.00000000000000 18.86066475286060 8.08747349014556 7.69280305972912 18.73002521599055 5.00767808690275 17.67591272330620 14.85270662372651 41.00837088739781 49.00226965900956 37.83713785293056 57.19672859907263 7.04183236060762 19.78330799032974 4.87198257207386 7.08344801064382 54.42962322310632 23.24300051435768 9.76054616855049 17.57078129045295 5.00468758451016 20.96913893603315 20.86520135054370 10.03494902030017 17.83220469136418 9.17388572897438 4.93298216475468 4.95698967936085 5.37023150262967 5.15918158137189 9.71760159136105 9.18047812673887 4.93407402307915 10.29579356294080 6.03403460258913 11.28062614210842 18.99405813208480 5.02173529754584 14.20823097111348 48.90340909752227 16.13312307220367
20.47851021222721 19.27826960855603 24.33449891981767 19.99514440245814 38.54552136615801 24.32744490840706 19.39252626733226 18.64936676311299 20.53124806462919 20.91946008347611 19.28699488321215 20.36122265473303 20.71368247056354 20.93246920250436 28.00102268969007 29.85892953579981 27.87912572703517 23.16250218759852 24.29375805214450 19.74765780988884 23.48835859762332 17.93185200553919 15.94318015187329 30.79213571050051 21.96222388206406 20.56720480654229 18.86834538765556 21.61260432226851 17.87523868482918 18.86066475286060 0.00000000000000 19.11472629330093 18.81449120831846 19.01840126171140 20.96982397171633 17.81363989073872 20.58401323146824 30.74569732336684 38.24741337994182 28.23573849588031 45.60476789502081 18.39164537512654 16.85974507664281 20.54637894289926 18.57336733868548 42.85402457395156 20.43228059481180 18.66911190131587 18.65609753155852 19.90467809885366 20.14308731082670 20.28724186041194 17.94334475805484 19.90948424153702 19.37456407053264 20.56626356640455 20.61068855663929 20.32297966559103 19.51740026256422 17.66644530279210 18.17289100348152 19.46173103350050 17.09602997408096 19.55087727852429 18.68729604333659 18.43130012760212 20.47017493148955 17.18297740069419 37.37835582246586 19.23000239803079
7.59766675691806 10.45936869545305 30.10290958023120 9.79057684665844 47.84867262656806 33.57948021851625 23.73626588946918 9.70439977616022 7.44251275667787 25.38685259116626 12.67916950208266 8.10169282470155 7.60518820282840 7.69605737727411 36.79001341568516 38.64805549912560 36.80468491327747 27.50680906521394 29.94576454290640 9.38275871844804 28.69164239959947 10.84482659390397 18.22809284311375 40.46507166080674 27.89068669133415 7.48891617491496 19.35951611765679 24.93512411216703 9.21471091798832 8.08747349014556 19.11472629330093 0.00000000000000 9.25772959308367 18.64847567057192 7.70658199960072 17.73716072167597 15.40334014124918 40.66296272661513 48.32609093826069 36.97980654891497 56.52044595117660 9.19706240615675 20.22930645854931 7.56743939429330 7.48737272725540 53.77990608277879 23.27301185340560 11.39148340517990 18.27712099691752 7.69521770912827 21.19032317192725 20.29372796185870 11.51085539647595 18.18109183289668 11.16163349198185 7.53171344585772 7.42870553599185 7.75329850346589 8.01362738322546 10.37860319883220 10.67138777423258 7.56350113429393 10.48698144321862 8.18230467369487 12.47651722418448 18.99168410430230 7.47032639937752 15.39802601552703 48.45379336645202 17.28016677442636
